#9-7,105,0.0_10-0, 60
10
0
0
1
0
0
0
0
0
2
2
10
0 2 0
0 3 0
0 4 0
1 5 0
1 6 0
1 7 0
2 8 0
2 9 0
3 5 0
4 6 0

#9-7,105,0.0_11-8, 61
12
0
1
0
0
0
0
0
0
0
0
2
2
11
0 2 0
0 3 0
0 4 0
1 5 0
1 10 0
1 11 0
2 6 0
3 7 0
4 8 0
5 6 0
7 9 0

#9-7,105,0.0_11-11, 61
12
0
0
1
0
0
0
0
0
0
0
2
2
11
0 2 0
0 3 0
0 7 0
1 4 0
1 5 0
1 8 0
2 10 0
2 11 0
3 4 0
5 6 0
6 9 0

#8-4,175,0.0_10-4, 77
11
0
1
0
0
0
0
0
0
0
2
2
10
0 1 0
0 2 0
0 3 0
1 9 0
1 10 0
2 4 0
3 7 0
4 5 0
5 6 0
6 8 0

#8-4,175,0.0_11-0, 77
12
1
0
0
0
0
0
0
0
0
0
2
2
11
0 1 0
0 10 0
0 11 0
1 2 0
2 3 0
3 4 0
4 5 0
5 6 0
6 7 0
7 8 0
8 9 0

#8-4,175,0.0_11-1, 77
12
0
1
0
0
0
0
0
0
0
0
2
2
11
0 1 0
0 2 0
0 8 0
1 10 0
1 11 0
2 3 0
3 4 0
4 5 0
5 6 0
6 7 0
7 9 0

#8-4,175,0.0_11-2, 77
12
0
1
0
0
0
0
0
0
0
0
2
2
11
0 2 0
0 3 0
0 8 0
1 4 0
1 10 0
1 11 0
2 5 0
3 7 0
4 6 0
5 6 0
7 9 0

#8-3,115,0.0_11-1, 74
12
0
1
0
0
0
0
0
0
0
0
2
2
11
0 1 0
0 2 0
0 3 0
1 10 0
1 11 0
2 4 0
3 6 0
4 5 0
5 7 0
6 8 0
7 9 0

#8-3,115,0.0_11-5, 75
12
0
0
1
0
0
0
0
0
0
0
2
2
11
0 1 0
0 3 0
0 7 0
1 4 0
1 8 0
2 5 0
2 10 0
2 11 0
3 6 0
4 9 0
5 6 0

#8-3,115,0.0_11-6, 74
12
0
0
1
0
0
0
0
0
0
0
2
2
11
0 2 0
0 3 0
0 5 0
1 3 0
1 4 0
1 7 0
2 10 0
2 11 0
4 6 0
5 8 0
6 9 0

#8-3,115,0.0_11-19, 75
12
0
0
1
0
0
0
0
0
0
0
2
2
11
0 1 0
0 3 0
0 4 0
1 7 0
1 8 0
2 5 0
2 10 0
2 11 0
3 6 0
4 9 0
5 6 0

#8-3,115,0.0_12-1, 74
13
0
1
0
0
0
0
0
0
0
0
0
2
2
12
0 2 0
0 3 0
0 4 0
1 5 0
1 11 0
1 12 0
2 6 0
3 7 0
4 9 0
5 6 0
7 8 0
8 10 0

#8-3,115,0.0_12-2, 74
13
0
0
1
0
0
0
0
0
0
0
0
2
2
12
0 2 0
0 3 0
0 8 0
1 4 0
1 5 0
1 9 0
2 11 0
2 12 0
3 4 0
5 6 0
6 7 0
7 10 0

#8-3,115,0.0_12-4, 76
13
0
1
0
0
0
0
0
0
0
0
0
2
2
12
0 1 0
0 2 0
0 9 0
1 11 0
1 12 0
2 3 0
3 4 0
4 5 0
5 6 0
6 7 0
7 8 0
8 10 0

#8-3,115,0.0_12-5, 76
13
1
0
0
0
0
0
0
0
0
0
0
2
2
12
0 1 0
0 11 0
0 12 0
1 2 0
2 3 0
3 4 0
4 5 0
5 6 0
6 7 0
7 8 0
8 9 0
9 10 0

#8-3,115,0.0_12-6, 76
13
0
1
0
0
0
0
0
0
0
0
0
2
2
12
0 1 0
0 2 0
0 3 0
1 11 0
1 12 0
2 4 0
3 9 0
4 5 0
5 6 0
6 7 0
7 8 0
8 10 0

#8-10,20,8.634153854270784E-13_6-9, 14
7
0
0
0
0
0
0
2
6
0 1 0
0 4 0
0 6 0
1 2 0
2 3 0
3 5 0

#8-10,20,8.634153854270784E-13_7-7, 13
8
0
0
0
0
0
0
0
2
7
0 1 0
0 2 0
0 7 0
1 3 0
2 4 0
3 5 0
4 6 0

#8-10,20,8.634153854270784E-13_7-16, 13
8
0
0
0
0
0
0
0
2
7
0 1 0
0 2 0
1 3 0
2 4 0
3 5 0
4 6 0
5 7 0

#8-4,177,0.0_9-0, 101
9
0
1
0
0
0
0
0
2
2
9
0 1 0
0 2 0
0 3 0
1 7 0
1 8 0
2 4 0
3 5 0
4 6 0
5 6 0

#8-4,177,0.0_11-23, 85
12
0
1
0
0
0
0
0
0
0
0
2
2
11
0 2 0
0 3 0
0 4 0
1 5 0
1 10 0
1 11 0
2 5 0
3 6 0
4 7 0
6 8 0
7 9 0

#8-4,177,0.0_11-36, 88
12
0
0
1
0
0
0
0
0
0
0
2
2
11
0 2 0
0 3 0
0 7 0
1 3 0
1 4 0
1 5 0
2 10 0
2 11 0
4 6 0
5 8 0
6 9 0

#8-4,177,0.0_12-2, 88
13
0
1
0
0
0
0
0
0
0
0
0
2
2
12
0 2 0
0 3 0
0 9 0
1 4 0
1 11 0
1 12 0
2 5 0
3 6 0
4 7 0
5 7 0
6 8 0
8 10 0

#8-4,177,0.0_12-7, 86
13
0
0
1
0
0
0
0
0
0
0
0
2
2
12
0 2 0
0 3 0
0 5 0
1 3 0
1 4 0
1 8 0
2 11 0
2 12 0
4 6 0
5 9 0
6 7 0
7 10 0

#8-4,177,0.0_12-15, 87
13
0
1
0
0
0
0
0
0
0
0
0
2
2
12
0 2 0
0 3 0
0 4 0
1 5 0
1 11 0
1 12 0
2 6 0
3 8 0
4 9 0
5 7 0
6 7 0
8 10 0

#8-4,177,0.0_12-20, 86
13
0
1
0
0
0
0
0
0
0
0
0
2
2
12
0 1 0
0 2 0
0 3 0
1 11 0
1 12 0
2 4 0
3 7 0
4 5 0
5 6 0
6 8 0
7 9 0
8 10 0

#8-4,177,0.0_13-1, 85
14
1
0
0
0
0
0
0
0
0
0
0
0
2
2
13
0 1 0
0 12 0
0 13 0
1 2 0
2 3 0
3 4 0
4 5 0
5 6 0
6 7 0
7 8 0
8 9 0
9 10 0
10 11 0

#8-4,177,0.0_13-3, 85
14
0
0
1
0
0
0
0
0
0
0
0
0
2
2
13
0 1 0
0 3 0
0 5 0
1 4 0
1 9 0
2 6 0
2 12 0
2 13 0
3 7 0
4 8 0
5 10 0
6 7 0
8 11 0

#8-4,177,0.0_14-0, 86
15
0
1
0
0
0
0
0
0
0
0
0
0
0
2
2
14
0 1 0
0 2 0
0 3 0
1 13 0
1 14 0
2 4 0
3 11 0
4 5 0
5 6 0
6 7 0
7 8 0
8 9 0
9 10 0
10 12 0

#8-4,177,0.0_14-1, 86
15
0
1
0
0
0
0
0
0
0
0
0
0
0
2
2
14
0 2 0
0 3 0
0 4 0
1 5 0
1 13 0
1 14 0
2 6 0
3 7 0
4 11 0
5 6 0
7 8 0
8 9 0
9 10 0
10 12 0

#8-4,177,0.0_14-2, 85
15
0
0
1
0
0
0
0
0
0
0
0
0
0
2
2
14
0 2 0
0 3 0
0 10 0
1 4 0
1 5 0
1 11 0
2 13 0
2 14 0
3 4 0
5 6 0
6 7 0
7 8 0
8 9 0
9 12 0

