#10-257,2872,0.09684552615360503_5-5, 1141
6
2
2
2
0
2
2
5
0 1 0
0 2 0
0 3 0
1 4 0
2 5 0

#6-170,11,1.263244740319225E-6_21-0, 6
21
2
2
2
2
2
26
2
2
2
2
2
2
2
1
1
0
0
0
2
2
2
21
0 1 0
0 6 0
0 14 0
1 13 0
1 15 0
2 5 0
2 7 0
2 13 0
3 6 0
3 8 0
3 9 0
4 7 0
4 18 0
4 19 0
5 16 0
5 17 0
8 10 0
9 11 0
10 12 0
11 12 0
14 20 0

#7-88,133,0.0_3-0, 74
4
3
0
0
2
3
0 1 0
0 2 0
0 3 0

#10-75,275,0.0_7-9, 156
8
2
2
2
2
2
0
2
2
7
0 1 0
0 2 0
0 3 0
1 4 0
2 5 0
3 6 0
4 7 0

#10-75,275,0.0_7-11, 153
8
2
2
2
2
0
2
2
2
7
0 2 0
0 3 0
0 4 0
1 2 0
1 5 0
1 6 0
3 7 0

#10-75,275,0.0_7-18, 156
8
2
2
2
2
0
2
2
2
7
0 2 0
0 3 0
0 5 0
1 2 0
1 4 0
1 6 0
3 7 0

#10-75,275,0.0_10-2, 154
11
2
2
2
2
2
2
2
0
2
2
2
10
0 1 0
0 2 0
0 7 0
1 3 0
1 8 0
2 5 0
3 4 0
4 6 0
5 9 0
6 10 0

#10-75,275,0.0_11-0, 155
12
2
2
2
2
2
2
2
2
2
0
2
2
11
0 1 0
0 2 0
0 9 0
1 3 0
2 4 0
3 5 0
4 7 0
5 6 0
6 8 0
7 10 0
8 11 0

#10-75,275,0.0_11-1, 155
12
2
2
2
2
2
2
2
2
2
0
2
2
11
0 1 0
0 9 0
0 10 0
1 2 0
2 3 0
3 4 0
4 5 0
5 6 0
6 7 0
7 8 0
8 11 0

#10-75,275,0.0_11-2, 153
12
2
2
2
2
2
2
2
2
2
0
2
2
11
0 1 0
0 2 0
0 9 0
1 3 0
2 7 0
3 4 0
4 5 0
5 6 0
6 8 0
7 10 0
8 11 0

#10-75,275,0.0_11-3, 160
12
2
2
2
2
2
2
2
2
2
2
0
2
11
0 1 0
0 2 0
1 3 0
2 4 0
3 5 0
4 6 0
5 7 0
6 8 0
7 9 0
8 10 0
9 11 0

#10-75,275,0.0_11-5, 154
12
2
2
2
2
2
2
2
2
2
0
2
2
11
0 1 0
0 2 0
0 9 0
1 3 0
2 10 0
3 4 0
4 5 0
5 6 0
6 7 0
7 8 0
8 11 0

#10-64,1353,0.0_4-3, 586
5
2
2
0
2
2
4
0 1 0
0 3 0
0 4 0
1 2 0

#10-64,1353,0.0_5-4, 586
6
2
2
2
0
2
2
5
0 1 0
0 4 0
0 5 0
1 2 0
2 3 0

#10-64,1353,0.0_6-1, 588
7
0
2
2
2
2
2
2
6
0 1 0
0 5 0
1 2 0
2 3 0
3 4 0
4 6 0

#10-64,1353,0.0_8-4, 603
9
2
2
2
2
2
2
0
2
2
8
0 1 0
0 2 0
0 6 0
1 3 0
2 7 0
3 4 0
4 5 0
5 8 0

#10-64,1353,0.0_8-5, 585
9
2
2
2
2
2
2
0
2
2
8
0 1 0
0 2 0
0 6 0
1 3 0
2 4 0
3 5 0
4 7 0
5 8 0

#8-257,306,8.33261883649461E-4_3-0, 168
4
1
2
2
2
3
0 1 0
0 2 0
0 3 0

#8-257,306,8.33261883649461E-4_6-1, 174
7
2
2
2
2
2
2
1
6
0 1 0
0 2 0
1 3 0
2 4 0
3 5 0
4 6 0

#8-257,306,8.33261883649461E-4_6-5, 176
7
2
2
2
2
1
2
2
6
0 1 0
0 2 0
1 3 0
2 4 0
3 5 0
4 6 0

#7-208,273,9.718903848376925E-9_5-2, 182
6
2
2
2
0
0
2
5
0 1 0
0 3 0
0 5 0
1 2 0
2 4 0

#7-208,273,9.718903848376925E-9_7-11, 186
8
2
2
2
2
2
0
0
2
7
0 1 0
0 2 0
0 5 0
1 3 0
2 6 0
3 4 0
4 7 0

#7-208,273,9.718903848376925E-9_7-14, 181
8
2
2
0
2
0
2
2
2
7
0 1 0
0 2 0
0 5 0
1 3 0
1 4 0
2 6 0
3 7 0

#7-208,273,9.718903848376925E-9_7-15, 185
8
2
2
2
2
2
0
0
2
7
0 1 0
0 5 0
0 7 0
1 2 0
2 3 0
3 4 0
4 6 0

#7-208,273,9.718903848376925E-9_7-22, 190
8
2
2
2
2
0
0
2
2
7
0 1 0
0 2 0
0 4 0
1 5 0
1 6 0
2 3 0
3 7 0

#7-208,273,9.718903848376925E-9_8-0, 193
8
2
2
2
2
2
2
0
2
8
0 2 0
0 3 0
0 6 0
1 2 0
1 4 0
1 7 0
3 5 0
4 5 0

#7-208,273,9.718903848376925E-9_8-2, 191
8
2
2
2
2
2
2
0
2
8
0 2 0
0 3 0
0 6 0
1 4 0
1 5 0
1 7 0
2 4 0
3 5 0

#7-208,273,9.718903848376925E-9_8-3, 196
8
2
0
2
2
2
2
2
2
8
0 1 0
0 2 0
0 3 0
1 7 0
2 4 0
3 5 0
4 6 0
5 6 0

#7-208,273,9.718903848376925E-9_8-8, 188
9
0
2
2
2
2
2
2
0
2
8
0 1 0
0 8 0
1 2 0
2 3 0
3 4 0
4 5 0
5 6 0
6 7 0

#7-208,273,9.718903848376925E-9_8-11, 193
9
2
0
2
2
2
2
2
2
2
8
0 2 0
0 3 0
0 6 0
1 4 0
1 7 0
2 4 0
3 5 0
5 8 0

#7-208,273,9.718903848376925E-9_8-13, 189
9
2
2
0
2
2
2
2
2
2
8
0 2 0
0 3 0
0 4 0
1 3 0
1 5 0
1 6 0
2 7 0
4 8 0

#7-208,273,9.718903848376925E-9_8-26, 185
9
2
2
2
2
2
2
0
0
2
8
0 1 0
0 2 0
0 8 0
1 3 0
2 4 0
3 5 0
4 6 0
5 7 0

#7-208,273,9.718903848376925E-9_8-32, 189
9
2
2
0
2
2
2
2
2
2
8
0 2 0
0 3 0
0 5 0
1 3 0
1 4 0
1 6 0
2 7 0
4 8 0

#7-208,273,9.718903848376925E-9_9-1, 189
10
2
2
2
2
2
2
2
0
2
2
9
0 1 0
0 2 0
0 7 0
1 3 0
2 8 0
3 4 0
4 5 0
5 6 0
6 9 0

#7-208,273,9.718903848376925E-9_9-2, 184
10
2
2
2
2
2
2
2
0
2
2
9
0 1 0
0 2 0
0 3 0
1 4 0
2 6 0
3 8 0
4 5 0
5 7 0
6 9 0

#7-208,273,9.718903848376925E-9_9-3, 190
10
2
2
2
2
2
2
2
0
2
2
9
0 1 0
0 2 0
0 7 0
1 3 0
2 5 0
3 4 0
4 6 0
5 8 0
6 9 0

#7-208,273,9.718903848376925E-9_9-5, 182
10
2
0
2
2
2
2
2
2
2
2
9
0 1 0
0 2 0
0 3 0
1 7 0
2 4 0
3 5 0
4 6 0
5 8 0
6 9 0

#7-208,273,9.718903848376925E-9_9-11, 191
10
2
2
2
2
2
2
2
0
2
2
9
0 1 0
0 7 0
0 8 0
1 2 0
2 3 0
3 4 0
4 5 0
5 6 0
6 9 0

#7-208,273,9.718903848376925E-9_9-14, 184
10
2
0
2
2
2
2
2
2
2
2
9
0 1 0
0 2 0
0 3 0
1 7 0
2 4 0
3 8 0
4 5 0
5 6 0
6 9 0

#7-208,273,9.718903848376925E-9_9-18, 187
10
2
0
2
2
2
2
2
2
2
2
9
0 2 0
0 3 0
0 7 0
1 4 0
1 8 0
2 5 0
3 6 0
4 5 0
6 9 0

#7-208,273,9.718903848376925E-9_9-20, 181
10
2
0
2
2
2
2
2
2
2
2
9
0 1 0
0 2 0
0 7 0
1 8 0
2 3 0
3 4 0
4 5 0
5 6 0
6 9 0

#8-148,102,0.0_8-0, 70
9
2
2
2
2
2
1
1
2
2
8
0 1 0
0 2 0
1 3 0
2 4 0
3 5 0
4 7 0
5 6 0
6 8 0

#8-134,183,0.0_9-0, 101
9
2
1
2
2
2
2
2
0
0
9
0 1 0
0 2 0
0 3 0
1 7 0
1 8 0
2 4 0
3 5 0
4 6 0
5 6 0

#9-100,875,0.0_6-4, 462
7
2
2
2
2
0
0
2
6
0 1 0
0 2 0
0 4 0
1 3 0
2 5 0
3 6 0

#9-100,875,0.0_8-7, 469
9
2
2
0
2
2
2
2
2
2
8
0 2 0
0 3 0
0 5 0
1 4 0
1 6 0
1 7 0
2 8 0
3 4 0

#9-100,875,0.0_8-21, 484
9
2
0
2
2
2
2
2
2
2
8
0 2 0
0 3 0
0 6 0
1 4 0
1 7 0
2 5 0
3 8 0
4 5 0

#9-100,875,0.0_9-0, 463
9
2
2
2
2
2
2
2
0
2
9
0 2 0
0 3 0
0 5 0
1 2 0
1 4 0
1 7 0
3 6 0
4 6 0
5 8 0

#9-100,875,0.0_9-1, 463
9
2
2
0
2
2
2
2
2
2
9
0 2 0
0 3 0
0 4 0
1 3 0
1 5 0
1 7 0
2 8 0
4 6 0
5 6 0

#9-100,875,0.0_9-4, 465
10
2
2
2
2
2
2
2
0
2
2
9
0 1 0
0 2 0
0 8 0
1 3 0
2 5 0
3 4 0
4 6 0
5 7 0
6 9 0

#9-100,875,0.0_9-8, 466
10
2
2
2
2
2
2
2
0
2
2
9
0 1 0
0 2 0
0 3 0
1 4 0
2 5 0
3 8 0
4 6 0
5 7 0
6 9 0

#9-100,875,0.0_9-10, 464
10
2
2
2
2
2
2
0
2
2
2
9
0 2 0
0 3 0
0 7 0
1 2 0
1 6 0
1 8 0
3 4 0
4 5 0
5 9 0

#9-100,875,0.0_9-12, 474
10
2
2
2
2
2
2
0
2
2
2
9
0 2 0
0 3 0
0 4 0
1 2 0
1 6 0
1 7 0
3 5 0
4 8 0
5 9 0

#9-100,875,0.0_9-17, 475
10
2
2
2
2
2
2
2
0
2
2
9
0 1 0
0 2 0
0 8 0
1 3 0
2 4 0
3 5 0
4 6 0
5 7 0
6 9 0

#9-100,875,0.0_9-19, 481
10
2
2
2
2
2
2
0
2
2
2
9
0 2 0
0 4 0
0 6 0
1 2 0
1 3 0
1 7 0
3 5 0
4 8 0
5 9 0

#9-100,875,0.0_9-20, 465
10
2
0
2
2
2
2
2
2
2
2
9
0 2 0
0 3 0
0 4 0
1 5 0
1 7 0
2 5 0
3 6 0
4 8 0
6 9 0

#9-100,875,0.0_9-21, 462
10
2
2
2
2
2
2
0
2
2
2
9
0 2 0
0 3 0
0 7 0
1 4 0
1 6 0
1 8 0
2 4 0
3 5 0
5 9 0

#9-100,875,0.0_9-23, 462
10
2
2
0
2
2
2
2
2
2
2
9
0 2 0
0 3 0
0 4 0
1 3 0
1 5 0
1 6 0
2 7 0
4 8 0
5 9 0

#9-100,875,0.0_9-27, 481
10
2
2
2
2
2
2
2
0
2
2
9
0 1 0
0 2 0
0 3 0
1 4 0
2 5 0
3 6 0
4 7 0
5 8 0
6 9 0

#9-100,875,0.0_10-0, 470
11
2
0
2
2
2
2
2
2
2
2
2
10
0 1 0
0 2 0
0 3 0
1 8 0
2 4 0
3 6 0
4 5 0
5 7 0
6 9 0
7 10 0

#9-100,875,0.0_10-1, 466
11
2
2
2
2
2
2
2
2
0
2
2
10
0 1 0
0 2 0
0 8 0
1 3 0
2 9 0
3 4 0
4 5 0
5 6 0
6 7 0
7 10 0

#9-100,875,0.0_10-2, 472
11
2
0
2
2
2
2
2
2
2
2
2
10
0 2 0
0 3 0
0 8 0
1 4 0
1 9 0
2 5 0
3 7 0
4 6 0
5 6 0
7 10 0

#9-100,875,0.0_10-5, 477
11
2
0
2
2
2
2
2
2
2
2
2
10
0 1 0
0 2 0
0 8 0
1 9 0
2 3 0
3 4 0
4 5 0
5 6 0
6 7 0
7 10 0

#9-100,875,0.0_10-7, 481
11
2
0
2
2
2
2
2
2
2
2
2
10
0 1 0
0 2 0
0 3 0
1 8 0
2 4 0
3 9 0
4 5 0
5 6 0
6 7 0
7 10 0

#9-100,875,0.0_10-8, 473
11
0
2
2
2
2
2
2
2
2
2
2
10
0 1 0
0 9 0
1 2 0
2 3 0
3 4 0
4 5 0
5 6 0
6 7 0
7 8 0
8 10 0

#9-100,875,0.0_10-9, 467
11
2
2
2
2
2
2
2
2
0
2
2
10
0 1 0
0 8 0
0 9 0
1 2 0
2 3 0
3 4 0
4 5 0
5 6 0
6 7 0
7 10 0

#9-100,875,0.0_10-10, 472
11
2
2
2
2
2
2
2
2
2
0
2
10
0 1 0
0 2 0
1 3 0
2 4 0
3 5 0
4 6 0
5 7 0
6 8 0
7 9 0
8 10 0

#8-95,1712,0.0_6-9, 727
7
2
0
2
2
2
2
2
6
0 1 0
0 2 0
0 4 0
1 5 0
2 3 0
3 6 0

#8-95,1712,0.0_7-4, 713
8
2
2
2
2
2
0
2
2
7
0 1 0
0 2 0
0 6 0
1 3 0
2 4 0
3 5 0
4 7 0

#8-95,1712,0.0_8-4, 718
9
0
2
2
2
2
2
2
2
2
8
0 1 0
0 7 0
1 2 0
2 3 0
3 4 0
4 5 0
5 6 0
6 8 0

#8-75,3772,0.0_5-4, 898
6
2
0
2
2
2
2
5
0 1 0
0 2 0
0 3 0
1 4 0
2 5 0

#8-75,3772,0.0_7-3, 928
8
0
2
2
2
2
2
2
2
7
0 1 0
0 6 0
1 2 0
2 3 0
3 4 0
4 5 0
5 7 0

#8-75,3772,0.0_7-4, 924
8
2
2
2
2
2
0
2
2
7
0 1 0
0 5 0
0 6 0
1 2 0
2 3 0
3 4 0
4 7 0

#8-75,3772,0.0_8-1, 920
9
2
2
2
2
2
2
2
0
2
8
0 1 0
0 2 0
1 3 0
2 4 0
3 5 0
4 6 0
5 7 0
6 8 0

#8-66,4828,0.0_6-4, 1194
7
2
2
2
2
0
2
2
6
0 1 0
0 4 0
0 5 0
1 2 0
2 3 0
3 6 0

#8-66,4828,0.0_6-5, 1177
7
2
2
2
2
0
2
2
6
0 1 0
0 2 0
0 4 0
1 3 0
2 5 0
3 6 0

#8-66,4828,0.0_7-1, 1225
8
2
2
2
2
2
2
0
2
7
0 1 0
0 2 0
1 3 0
2 4 0
3 5 0
4 6 0
5 7 0

#9-57,6656,0.0_7-3, 1320
8
2
2
2
2
2
0
2
2
7
0 1 0
0 2 0
0 5 0
1 3 0
2 6 0
3 4 0
4 7 0

#9-57,6656,0.0_8-2, 1244
9
2
2
2
2
2
2
0
2
2
8
0 1 0
0 6 0
0 7 0
1 2 0
2 3 0
3 4 0
4 5 0
5 8 0

#9-57,6656,0.0_9-0, 1233
10
2
2
2
2
2
2
2
2
0
2
9
0 1 0
0 2 0
1 3 0
2 4 0
3 5 0
4 6 0
5 7 0
6 8 0
7 9 0

#4-246,1446,0.025743564201937907_7-0, 715
8
2
2
2
2
2
2
2
1
7
0 1 0
0 2 0
1 3 0
2 4 0
3 5 0
4 6 0
5 7 0

#8-196,35,1.1908108062627113E-4_3-5, 25
4
2
1
0
2
3
0 1 0
0 2 0
1 3 0

#8-196,35,1.1908108062627113E-4_4-6, 24
5
0
2
2
2
1
4
0 1 0
0 2 0
1 3 0
2 4 0

#8-71,117,0.0_8-20, 85
9
2
2
2
2
2
2
2
2
1
8
0 2 0
0 4 0
0 5 0
1 3 0
1 6 0
1 8 0
2 3 0
4 7 0

#8-71,117,0.0_9-4, 90
10
2
2
2
2
2
2
2
2
2
1
9
0 1 0
0 2 0
0 9 0
1 3 0
2 4 0
3 5 0
4 6 0
5 7 0
6 8 0

#8-71,117,0.0_9-5, 85
10
2
2
2
2
2
2
2
2
2
1
9
0 1 0
0 2 0
0 7 0
1 3 0
2 9 0
3 4 0
4 5 0
5 6 0
6 8 0

#8-71,117,0.0_9-8, 88
10
2
2
2
2
2
2
2
2
2
1
9
0 1 0
0 7 0
0 9 0
1 2 0
2 3 0
3 4 0
4 5 0
5 6 0
6 8 0

#8-71,117,0.0_9-13, 85
10
2
2
2
2
2
1
2
2
2
2
9
0 1 0
0 2 0
0 3 0
1 4 0
1 5 0
2 6 0
3 7 0
4 8 0
5 9 0

#8-71,117,0.0_9-14, 86
10
2
2
2
2
2
2
1
2
2
2
9
0 1 0
0 2 0
0 3 0
1 4 0
2 6 0
3 7 0
4 5 0
5 8 0
6 9 0

#8-71,117,0.0_9-17, 88
10
2
2
2
2
2
2
2
2
2
1
9
0 1 0
0 2 0
0 3 0
1 4 0
2 5 0
3 7 0
4 6 0
5 8 0
6 9 0

#8-71,117,0.0_9-19, 86
10
2
2
2
2
2
1
2
2
2
2
9
0 1 0
0 2 0
0 5 0
1 3 0
1 6 0
2 7 0
3 8 0
4 5 0
4 9 0

#8-71,117,0.0_9-21, 90
10
2
2
2
2
2
2
1
2
2
2
9
0 1 0
0 2 0
0 7 0
1 3 0
2 6 0
3 4 0
4 8 0
5 6 0
5 9 0

#8-71,117,0.0_9-22, 86
10
2
2
2
2
2
2
2
2
2
1
9
0 1 0
0 2 0
0 6 0
1 3 0
1 9 0
2 4 0
3 5 0
4 7 0
5 8 0

#8-71,117,0.0_9-25, 85
10
2
2
2
2
2
2
1
2
2
2
9
0 1 0
0 2 0
0 3 0
1 4 0
2 6 0
3 7 0
4 8 0
5 6 0
5 9 0

#8-71,117,0.0_9-30, 85
10
2
2
2
2
2
2
2
2
2
1
9
0 1 0
0 2 0
0 3 0
1 4 0
2 5 0
3 9 0
4 6 0
5 7 0
6 8 0

#8-71,117,0.0_9-31, 86
10
2
2
2
2
2
1
2
2
2
2
9
0 1 0
0 2 0
0 6 0
1 5 0
1 7 0
2 3 0
3 8 0
4 5 0
4 9 0

#8-71,117,0.0_9-32, 86
10
2
2
2
2
2
2
2
2
2
1
9
0 1 0
0 2 0
0 3 0
1 4 0
1 9 0
2 5 0
3 6 0
4 7 0
5 8 0

#8-71,117,0.0_9-38, 86
10
2
2
2
2
2
1
2
2
2
2
9
0 1 0
0 2 0
0 5 0
1 3 0
1 6 0
2 4 0
3 7 0
4 8 0
5 9 0

#8-71,117,0.0_9-39, 91
10
2
2
2
2
2
2
2
2
2
1
9
0 1 0
0 2 0
0 7 0
1 3 0
2 4 0
3 5 0
4 6 0
5 8 0
6 9 0

#8-71,117,0.0_9-41, 86
10
2
2
2
2
2
1
2
2
2
2
9
0 1 0
0 2 0
0 3 0
1 5 0
1 6 0
2 4 0
3 7 0
4 8 0
5 9 0

#8-71,117,0.0_10-0, 86
10
2
2
2
2
2
2
2
2
1
2
10
0 1 0
0 2 0
0 8 0
1 3 0
2 4 0
3 5 0
4 5 0
6 7 0
6 8 0
7 9 0

#8-71,117,0.0_10-1, 84
11
2
2
2
2
2
2
2
1
2
2
2
10
0 1 0
0 8 0
0 9 0
1 7 0
2 3 0
2 4 0
3 5 0
4 6 0
5 7 0
6 10 0

#8-71,117,0.0_10-4, 84
11
2
2
2
2
2
2
2
1
2
2
2
10
0 1 0
0 7 0
0 8 0
1 2 0
2 3 0
3 5 0
4 6 0
4 7 0
5 9 0
6 10 0

#8-71,117,0.0_10-6, 84
11
2
2
2
2
2
2
2
1
2
2
2
10
0 1 0
0 7 0
0 8 0
1 9 0
2 3 0
2 4 0
3 5 0
4 6 0
5 7 0
6 10 0

#8-71,117,0.0_10-7, 85
11
2
2
2
2
2
2
2
1
2
2
2
10
0 1 0
0 2 0
0 7 0
1 3 0
2 8 0
3 4 0
4 5 0
5 9 0
6 7 0
6 10 0

#8-71,117,0.0_10-15, 85
11
2
2
2
2
2
2
2
1
2
2
2
10
0 1 0
0 7 0
0 8 0
1 2 0
2 3 0
3 4 0
4 5 0
5 9 0
6 7 0
6 10 0

#8-71,117,0.0_10-16, 84
11
2
2
2
2
2
2
2
2
2
2
1
10
0 1 0
0 2 0
0 10 0
1 3 0
2 6 0
3 4 0
4 5 0
5 7 0
6 8 0
7 9 0

#8-71,117,0.0_10-17, 84
11
2
2
2
2
2
2
2
1
2
2
2
10
0 1 0
0 2 0
0 7 0
1 3 0
2 5 0
3 4 0
4 6 0
5 8 0
6 9 0
7 10 0

#8-71,117,0.0_10-18, 86
11
2
2
2
2
2
2
2
2
2
2
1
10
0 1 0
0 2 0
1 3 0
2 4 0
3 5 0
4 6 0
5 7 0
6 8 0
7 9 0
8 10 0

#8-71,117,0.0_10-19, 85
11
2
2
2
2
2
2
2
1
2
2
2
10
0 1 0
0 2 0
0 7 0
1 3 0
2 8 0
3 5 0
4 6 0
4 7 0
5 9 0
6 10 0

#8-71,117,0.0_10-20, 84
11
2
2
2
2
2
2
2
2
1
2
2
10
0 1 0
0 2 0
1 3 0
2 4 0
3 5 0
4 6 0
5 7 0
6 8 0
7 9 0
8 10 0

#8-71,117,0.0_11-0, 84
12
2
2
2
2
2
2
2
2
1
2
2
2
11
0 1 0
0 2 0
0 9 0
1 6 0
2 8 0
3 4 0
3 5 0
4 7 0
5 8 0
6 10 0
7 11 0

#8-71,117,0.0_11-2, 86
12
2
2
2
2
2
2
2
2
1
2
2
2
11
0 1 0
0 8 0
0 9 0
1 2 0
2 6 0
3 4 0
3 5 0
4 7 0
5 8 0
6 10 0
7 11 0

#8-71,117,0.0_11-4, 86
12
2
2
2
2
2
2
2
2
1
2
2
2
11
0 1 0
0 2 0
0 8 0
1 6 0
2 9 0
3 4 0
3 5 0
4 7 0
5 8 0
6 10 0
7 11 0

#8-71,117,0.0_12-0, 84
13
2
2
2
2
2
2
2
2
2
2
1
2
2
12
0 1 0
0 2 0
1 3 0
2 4 0
3 6 0
4 8 0
5 7 0
5 9 0
6 10 0
7 10 0
8 11 0
9 12 0

#8-71,117,0.0_12-1, 87
13
2
2
2
2
2
2
2
2
2
2
1
2
2
12
0 1 0
0 2 0
1 4 0
2 6 0
3 5 0
3 7 0
4 8 0
5 9 0
6 10 0
7 10 0
8 11 0
9 12 0

#8-71,117,0.0_12-2, 84
13
2
2
2
2
2
2
2
2
2
2
1
2
2
12
0 2 0
0 4 0
1 3 0
1 5 0
2 6 0
3 7 0
4 8 0
5 9 0
6 10 0
7 10 0
8 11 0
9 12 0

#9-48,840,0.0_6-16, 494
7
2
2
2
1
2
2
2
6
0 1 0
0 4 0
0 5 0
1 3 0
2 3 0
2 6 0

#9-48,840,0.0_7-5, 522
8
2
2
2
2
2
2
2
1
7
0 1 0
0 2 0
0 5 0
1 3 0
2 7 0
3 4 0
4 6 0

#9-48,840,0.0_7-7, 504
8
2
2
2
2
2
2
2
1
7
0 1 0
0 5 0
0 7 0
1 2 0
2 3 0
3 4 0
4 6 0

#9-48,840,0.0_7-12, 503
8
2
2
2
2
1
2
2
2
7
0 1 0
0 4 0
0 5 0
1 6 0
2 3 0
2 4 0
3 7 0

#9-48,840,0.0_7-16, 496
8
2
2
2
2
1
2
2
2
7
0 1 0
0 2 0
0 5 0
1 3 0
2 4 0
3 6 0
4 7 0

#9-48,840,0.0_8-0, 518
9
2
2
2
2
2
1
2
2
2
8
0 1 0
0 5 0
0 6 0
1 2 0
2 3 0
3 7 0
4 5 0
4 8 0

#9-48,840,0.0_8-1, 497
9
2
2
2
2
2
2
2
2
1
8
0 1 0
0 2 0
1 3 0
2 4 0
3 5 0
4 6 0
5 7 0
6 8 0

#9-48,840,0.0_8-2, 514
9
2
2
2
2
2
1
2
2
2
8
0 1 0
0 2 0
0 5 0
1 3 0
2 6 0
3 7 0
4 5 0
4 8 0

#9-48,840,0.0_8-4, 495
9
2
2
2
2
2
2
1
2
2
8
0 2 0
0 4 0
1 3 0
1 5 0
2 6 0
3 6 0
4 7 0
5 8 0

#9-48,840,0.0_9-1, 502
10
2
2
2
2
2
2
2
1
2
2
9
0 1 0
0 2 0
1 3 0
2 5 0
3 7 0
4 6 0
4 7 0
5 8 0
6 9 0

#8-38,1117,0.0_6-6, 602
7
2
2
2
2
2
2
1
6
0 1 0
0 2 0
0 4 0
1 3 0
2 6 0
3 5 0

#8-38,1117,0.0_7-2, 594
8
2
2
2
2
2
2
2
1
7
0 1 0
0 2 0
0 7 0
1 3 0
2 5 0
3 4 0
4 6 0

#8-38,1117,0.0_7-3, 615
8
2
2
2
2
2
1
2
2
7
0 1 0
0 3 0
1 5 0
2 4 0
2 5 0
3 6 0
4 7 0

#8-38,1117,0.0_7-5, 615
8
2
2
2
2
1
2
2
2
7
0 1 0
0 4 0
0 5 0
1 2 0
2 3 0
3 6 0
4 7 0

#8-38,1117,0.0_7-6, 619
8
2
2
2
2
1
2
2
2
7
0 1 0
0 2 0
0 4 0
1 3 0
2 5 0
3 6 0
4 7 0

#8-38,1117,0.0_7-8, 591
8
2
2
2
2
1
2
2
2
7
0 1 0
0 2 0
0 4 0
1 5 0
2 6 0
3 4 0
3 7 0

#8-38,1117,0.0_7-9, 591
8
2
2
2
2
1
2
2
2
7
0 1 0
0 4 0
0 5 0
1 2 0
2 6 0
3 4 0
3 7 0

#8-38,1117,0.0_9-0, 594
10
2
2
2
2
2
2
2
1
2
2
9
0 1 0
0 2 0
1 3 0
2 4 0
3 5 0
4 7 0
5 8 0
6 7 0
6 9 0

#8-31,1147,0.0_4-5, 532
5
2
1
2
2
2
4
0 1 0
0 2 0
0 3 0
1 4 0

#8-31,1147,0.0_5-4, 512
6
2
2
2
2
2
1
5
0 1 0
0 3 0
0 5 0
1 2 0
2 4 0

#8-31,1147,0.0_6-0, 532
7
2
2
2
2
1
2
2
6
0 1 0
0 2 0
1 4 0
2 5 0
3 4 0
3 6 0

#8-31,1147,0.0_7-0, 514
8
2
2
2
2
2
1
2
2
7
0 1 0
0 2 0
1 3 0
2 4 0
3 5 0
4 6 0
5 7 0

#9-3,25,6.632418328557103E-25_6-5, 20
7
2
2
1
1
2
1
3
6
0 2 0
0 3 0
0 6 0
1 2 0
1 4 0
3 5 0

#9-3,25,6.632418328557103E-25_7-9, 19
8
2
2
1
1
1
2
2
3
7
0 2 0
0 3 0
0 7 0
1 4 0
1 5 0
2 4 0
3 6 0

#9-3,25,6.632418328557103E-25_9-0, 19
10
2
2
2
2
1
1
2
1
1
3
9
0 2 0
0 3 0
0 7 0
1 4 0
1 8 0
1 9 0
2 5 0
3 6 0
4 5 0

#9-3,25,6.632418328557103E-25_9-1, 19
10
2
2
2
1
1
1
2
2
1
3
9
0 2 0
0 4 0
0 6 0
1 3 0
1 8 0
1 9 0
2 5 0
3 5 0
4 7 0

#9-3,25,6.632418328557103E-25_9-2, 19
10
2
2
2
2
2
1
1
2
1
3
9
0 5 0
0 8 0
0 9 0
1 2 0
1 3 0
2 4 0
3 6 0
4 7 0
5 6 0

#8-1,112,0.0_6-4, 77
7
2
2
2
2
2
2
3
6
0 1 0
0 4 0
0 6 0
1 2 0
2 3 0
3 5 0

#8-1,112,0.0_6-5, 71
7
2
2
2
3
2
2
2
6
0 1 0
0 3 0
0 4 0
1 2 0
2 5 0
3 6 0

#8-1,112,0.0_6-8, 78
7
2
2
2
2
2
2
3
6
0 1 0
0 2 0
0 6 0
1 3 0
2 4 0
3 5 0

#8-1,112,0.0_7-1, 77
8
2
2
2
2
2
2
2
3
7
0 1 0
0 2 0
1 3 0
2 4 0
3 5 0
4 6 0
5 7 0

#8-1,112,0.0_7-2, 76
8
2
2
2
2
2
3
2
2
7
0 1 0
0 2 0
1 3 0
2 4 0
3 5 0
4 6 0
5 7 0

#7-28,12,0.0053437862745305586_7-3, 10
8
0
2
2
2
2
5
0
2
7
0 1 0
0 5 0
1 2 0
2 3 0
3 4 0
4 7 0
5 6 0

#7-6,7,3.8140294345498214E-6_13-99, 4
14
5
1
0
2
2
2
2
2
2
0
2
2
1
1
13
0 1 0
0 2 0
0 9 0
0 12 0
1 3 0
1 10 0
2 4 0
3 11 0
4 5 0
5 6 0
6 7 0
7 8 0
8 13 0

#7-6,7,3.8140294345498214E-6_14-14, 4
15
5
1
0
2
2
2
2
2
2
2
0
0
2
1
13
14
0 1 0
0 2 0
0 10 0
0 13 0
1 3 0
1 12 0
2 4 0
3 9 0
4 5 0
5 6 0
6 7 0
7 8 0
8 11 0
9 14 0

#7-6,7,3.8140294345498214E-6_17-0, 4
18
5
2
1
0
2
2
2
2
2
2
2
2
0
0
0
2
2
1
17
0 2 0
0 3 0
0 12 0
0 17 0
1 4 0
1 5 0
1 13 0
2 6 0
2 15 0
3 7 0
4 8 0
5 9 0
6 16 0
7 10 0
8 10 0
9 11 0
11 14 0

#8-0,16,1.5505636542074123E-12_16-0, 9
15
2
2
5
2
2
2
2
2
2
2
2
2
2
2
2
16
0 2 0
0 3 0
0 4 0
1 2 0
1 5 0
1 6 0
2 7 0
3 8 0
4 9 0
5 10 0
6 11 0
7 14 0
8 12 0
9 12 0
10 13 0
11 13 0

#9-91,18,0.08750687495505106_8-0, 15
8
2
2
2
2
2
2
0
4
8
0 1 0
0 2 0
0 6 0
1 3 0
1 7 0
2 4 0
3 5 0
4 5 0

#9-30,16,7.2984500563778E-7_7-0, 15
7
2
2
2
2
1
1
4
7
0 1 0
0 4 0
0 6 0
1 2 0
2 5 0
3 4 0
3 5 0

#8-16,4,2.745587315666761E-11_9-0, 3
10
8
2
2
2
2
2
2
2
2
4
9
0 1 0
0 2 0
0 9 0
1 3 0
2 4 0
3 5 0
4 6 0
5 7 0
6 8 0

#9-10,12,3.16192777877235E-15_4-0, 3
5
9
4
4
4
4
4
0 1 0
0 2 0
0 3 0
0 4 0

#9-20,33,1.9484458600041816E-6_4-0, 17
5
2
2
0
6
6
4
0 1 0
0 3 0
0 4 0
1 2 0

#9-18,46,3.6849671164462805E-7_7-1, 39
7
2
2
2
2
2
2
6
7
0 1 0
0 2 0
0 6 0
1 3 0
2 4 0
3 5 0
4 5 0

#9-0,29,7.244206117232258E-55_7-0, 14
8
2
3
0
0
0
6
6
6
7
0 1 0
0 5 0
0 6 0
0 7 0
1 2 0
1 3 0
1 4 0

#8-0,35,7.671854379509568E-4_8-0, 31
9
2
2
2
2
2
2
8
2
2
8
0 2 0
0 4 0
1 3 0
1 5 0
2 6 0
3 6 0
4 7 0
5 8 0

#9-19,12,0.0060751940316366385_8-1, 10
8
2
2
2
2
2
2
0
13
8
0 1 0
0 2 0
0 6 0
1 3 0
1 7 0
2 4 0
3 5 0
4 5 0

#9-19,12,0.0060751940316366385_8-3, 10
9
2
2
2
2
2
0
2
2
13
8
0 1 0
0 3 0
0 5 0
1 2 0
1 8 0
2 4 0
3 6 0
4 7 0

#9-4,10,1.135327970859296E-4_5-8, 7
6
2
2
2
1
2
13
5
0 1 0
0 3 0
1 5 0
2 3 0
2 4 0

#9-0,4,2.3895399221039937E-4_12-0, 4
13
19
2
2
2
2
2
2
2
2
2
2
2
2
12
0 1 0
0 2 0
0 3 0
1 4 0
2 5 0
3 6 0
4 7 0
5 8 0
6 9 0
7 10 0
8 11 0
9 12 0

#9-0,5,6.749468720247556E-6_22-0, 4
22
2
2
2
2
2
26
2
2
2
2
2
2
2
2
1
1
0
0
0
0
2
2
22
0 1 0
0 6 0
0 15 0
1 14 0
1 16 0
2 5 0
2 7 0
2 14 0
3 6 0
3 8 0
3 9 0
4 7 0
4 20 0
4 21 0
5 17 0
5 18 0
8 10 0
9 11 0
10 12 0
11 12 0
13 15 0
13 19 0

