#7-723,139,1.1102230246251565E-16_3-2, 118
4
1
1
0
2
3
0 1 0
0 2 0
1 3 0

#10-664,131,0.0_6-4, 96
7
3
2
2
0
0
2
2
6
0 1 0
0 3 0
0 4 0
0 5 0
1 2 0
2 6 0

#10-664,131,0.0_6-14, 96
7
3
2
2
2
0
2
2
6
0 1 0
0 2 0
0 4 0
1 3 0
2 5 0
3 6 0

#10-664,131,0.0_8-0, 99
8
2
2
2
2
2
2
3
0
8
0 1 0
0 2 0
0 6 0
1 3 0
2 4 0
3 5 0
4 5 0
6 7 0

#10-664,131,0.0_8-1, 97
9
2
3
2
2
2
0
2
2
2
8
0 1 0
0 2 0
0 6 0
1 5 0
1 7 0
2 3 0
3 4 0
4 8 0

#10-664,131,0.0_8-3, 104
9
3
2
2
2
2
2
0
2
2
8
0 1 0
0 6 0
0 7 0
1 2 0
2 3 0
3 4 0
4 5 0
5 8 0

#10-598,245,0.0_4-0, 132
5
5
0
0
0
2
4
0 1 0
0 2 0
0 3 0
0 4 0

#9-596,259,0.0_5-2, 203
6
2
2
1
1
0
2
5
0 2 0
0 4 0
1 3 0
1 5 0
2 3 0

#10-572,301,0.0_10-0, 195
10
3
2
2
2
2
2
2
0
0
0
10
0 1 0
0 7 0
0 8 0
0 9 0
1 2 0
1 3 0
2 4 0
3 5 0
4 6 0
5 6 0

#10-566,321,0.0_9-3, 218
10
3
2
2
2
1
0
0
2
2
2
9
0 1 0
0 4 0
0 5 0
0 6 0
1 2 0
1 7 0
2 3 0
3 8 0
4 9 0

#10-566,321,0.0_10-0, 221
11
3
2
2
2
2
2
1
0
0
2
2
10
0 1 0
0 6 0
0 7 0
0 8 0
1 2 0
2 3 0
3 4 0
4 5 0
5 9 0
6 10 0

#9-560,333,0.0_5-0, 199
6
5
2
2
0
0
2
5
0 1 0
0 3 0
0 4 0
1 2 0
2 5 0

#10-558,340,0.0_4-0, 251
5
3
0
0
0
2
4
0 1 0
0 2 0
0 3 0
0 4 0

#8-518,427,0.0_3-0, 315
4
3
0
0
2
3
0 1 0
0 2 0
0 3 0

#8-518,427,0.0_5-1, 293
6
2
2
2
3
0
2
5
0 1 0
0 2 0
1 3 0
2 5 0
3 4 0

#10-486,511,0.0_8-0, 405
9
1
2
2
2
2
2
0
0
2
8
0 1 0
0 6 0
0 7 0
1 2 0
2 3 0
3 4 0
4 5 0
5 8 0

#10-486,511,0.0_8-1, 381
9
2
1
2
2
2
0
0
2
2
8
0 1 0
0 2 0
0 3 0
1 5 0
1 6 0
2 4 0
3 7 0
4 8 0

#10-486,511,0.0_8-2, 388
9
2
1
2
2
2
0
0
2
2
8
0 1 0
0 2 0
0 7 0
1 5 0
1 6 0
2 3 0
3 4 0
4 8 0

#8-480,525,0.0_5-0, 280
6
5
0
2
0
0
2
5
0 1 0
0 3 0
0 4 0
1 2 0
2 5 0

#9-440,674,0.0_3-2, 558
4
2
1
0
2
3
0 1 0
0 3 0
1 2 0

#9-414,732,0.0_4-5, 549
5
2
2
1
0
1
4
0 2 0
0 3 0
1 2 0
1 4 0

#9-414,732,0.0_5-2, 555
6
2
1
1
0
2
2
5
0 1 0
0 2 0
0 3 0
1 4 0
2 5 0

#9-414,732,0.0_6-1, 565
7
2
2
2
1
0
2
1
6
0 3 0
0 4 0
0 6 0
1 2 0
1 3 0
2 5 0

#9-302,1197,0.0_5-2, 897
6
2
2
1
0
2
2
5
0 1 0
0 2 0
0 4 0
1 5 0
2 3 0

#10-201,2318,0.0_7-3, 1682
8
2
2
2
2
0
2
2
2
7
0 1 0
0 2 0
0 4 0
1 3 0
1 5 0
2 6 0
3 7 0

#10-201,2318,0.0_7-6, 1647
8
2
2
2
2
2
0
2
2
7
0 1 0
0 2 0
0 6 0
1 3 0
2 7 0
3 4 0
4 5 0

#10-201,2318,0.0_7-7, 1710
8
2
2
2
2
2
0
2
2
7
0 1 0
0 2 0
0 3 0
1 4 0
2 5 0
3 6 0
4 7 0

#10-201,2318,0.0_7-9, 1669
8
2
2
2
2
0
2
2
2
7
0 1 0
0 2 0
0 4 0
1 5 0
1 6 0
2 3 0
3 7 0

#10-201,2318,0.0_7-11, 1709
8
2
2
2
2
0
2
2
2
7
0 1 0
0 2 0
0 5 0
1 4 0
1 6 0
2 3 0
3 7 0

#10-201,2318,0.0_7-13, 1778
8
2
2
2
2
2
0
2
2
7
0 1 0
0 2 0
0 6 0
1 3 0
2 5 0
3 4 0
4 7 0

#10-201,2318,0.0_9-0, 1680
10
2
2
2
2
2
2
2
0
2
2
9
0 1 0
0 2 0
0 7 0
1 3 0
2 8 0
3 4 0
4 5 0
5 6 0
6 9 0

#10-201,2318,0.0_9-1, 1664
10
2
2
2
2
2
2
2
0
2
2
9
0 1 0
0 2 0
0 7 0
1 3 0
2 5 0
3 4 0
4 6 0
5 8 0
6 9 0

#10-201,2318,0.0_9-2, 1711
10
2
2
2
2
2
2
2
2
0
2
9
0 1 0
0 2 0
1 3 0
2 4 0
3 5 0
4 6 0
5 7 0
6 8 0
7 9 0

#9-97,10407,0.0_4-1, 5882
5
0
2
2
2
2
4
0 1 0
0 3 0
1 2 0
2 4 0

#9-59,23950,0.0_5-2, 11813
6
2
2
2
0
2
2
5
0 1 0
0 3 0
0 4 0
1 2 0
2 5 0

#8-36,32373,0.0_5-1, 15899
6
2
2
2
2
0
2
5
0 1 0
0 2 0
1 3 0
2 4 0
3 5 0

#7-679,193118,1.8353942254911715E-9_6-0, 32489
6
2
2
2
2
2
2
6
0 1 0
0 2 0
1 3 0
2 4 0
3 5 0
4 5 0

#7-679,193118,1.8353942254911715E-9_6-1, 31443
7
2
2
2
2
2
2
2
6
0 1 0
0 2 0
1 3 0
2 4 0
3 5 0
4 6 0

#7-679,193118,1.8353942254911715E-9_6-2, 30494
7
2
2
2
2
2
2
2
6
0 1 0
0 4 0
0 5 0
1 2 0
2 3 0
3 6 0

#7-679,193118,1.8353942254911715E-9_6-3, 30472
7
2
2
2
2
2
2
2
6
0 1 0
0 2 0
0 4 0
1 3 0
2 5 0
3 6 0

#8-644,723,0.0_4-1, 542
5
2
2
6
6
6
4
0 1 0
0 2 0
0 3 0
0 4 0

#8-644,723,0.0_4-2, 466
5
2
2
2
6
6
4
0 1 0
0 3 0
0 4 0
1 2 0

#8-640,734,0.0_3-0, 526
4
2
1
0
1
3
0 1 0
0 2 0
1 3 0

#7-630,748,0.0_3-0, 494
4
2
2
2
13
3
0 1 0
0 2 0
0 3 0

#5-623,757,0.0_4-0, 245
5
21
2
2
2
2
4
0 1 0
0 2 0
0 3 0
1 4 0

#8-622,758,0.0_3-0, 335
4
0
2
2
5
3
0 1 0
0 3 0
1 2 0

#9-591,835,0.0_5-4, 205
6
2
21
2
2
2
2
5
0 1 0
0 2 0
0 3 0
1 4 0
1 5 0

#9-591,835,0.0_7-0, 186
8
21
0
2
2
2
2
2
2
7
0 1 0
0 2 0
0 5 0
1 3 0
2 6 0
3 4 0
4 7 0

#9-591,835,0.0_7-1, 190
8
2
21
0
2
2
2
2
2
7
0 1 0
0 4 0
0 5 0
1 2 0
1 6 0
2 3 0
3 7 0

#9-450,1456,0.0_9-0, 985
9
2
3
2
2
2
2
2
0
0
9
0 1 0
0 2 0
0 3 0
1 7 0
1 8 0
2 4 0
3 5 0
4 6 0
5 6 0

#10-445,1487,0.0_4-2, 1032
5
2
1
2
2
1
4
0 1 0
0 2 0
0 3 0
1 4 0

#10-445,1487,0.0_7-0, 1053
8
2
2
2
2
2
1
2
1
7
0 1 0
0 2 0
1 3 0
2 4 0
3 5 0
4 6 0
5 7 0

#8-441,1510,0.0_3-3, 1110
4
2
1
1
1
3
0 1 0
0 2 0
1 3 0

#9-426,1594,0.0_6-3, 862
7
2
2
2
2
2
2
13
6
0 1 0
0 4 0
0 6 0
1 2 0
2 3 0
3 5 0

#9-426,1594,0.0_6-6, 848
7
2
2
2
2
2
2
13
6
0 1 0
0 2 0
0 6 0
1 3 0
2 4 0
3 5 0

#8-425,1596,0.0_4-2, 1052
5
2
2
2
2
4
4
0 1 0
0 2 0
0 4 0
1 3 0

#8-425,1596,0.0_6-1, 1052
7
2
2
2
2
2
2
4
6
0 1 0
0 2 0
1 3 0
2 4 0
3 5 0
4 6 0

#8-387,1902,0.0_4-2, 1312
5
2
1
2
1
3
4
0 1 0
0 3 0
0 4 0
1 2 0

#8-358,2301,0.0_4-4, 1587
5
2
1
1
2
2
4
0 1 0
0 3 0
1 2 0
2 4 0

#8-358,2301,0.0_5-2, 1528
6
2
2
2
1
2
1
5
0 1 0
0 2 0
1 3 0
2 4 0
3 5 0

#8-350,2409,0.0_5-2, 1580
6
2
2
1
1
2
2
5
0 1 0
0 2 0
1 4 0
2 3 0
3 5 0

#8-350,2409,0.0_6-1, 1526
7
2
2
2
2
1
2
1
6
0 1 0
0 2 0
1 3 0
2 4 0
3 5 0
4 6 0

#8-119,16247,0.0_3-3, 8460
4
2
0
2
2
3
0 1 0
0 2 0
0 3 0

#8-119,16247,0.0_6-1, 8636
7
0
2
2
2
2
2
2
6
0 1 0
0 5 0
1 2 0
2 3 0
3 4 0
4 6 0

#8-119,16247,0.0_6-2, 8963
7
2
2
2
2
2
0
2
6
0 1 0
0 2 0
1 3 0
2 4 0
3 5 0
4 6 0

#7-666,1116,1.6653345369377348E-16_4-2, 709
5
2
2
1
2
1
4
0 1 0
0 2 0
1 3 0
2 4 0

#7-652,147,1.8007183424903315E-78_10-4, 105
11
3
2
2
2
2
1
0
0
2
2
1
10
0 1 0
0 5 0
0 6 0
0 7 0
1 2 0
1 8 0
2 3 0
3 9 0
4 5 0
4 10 0

#7-652,147,1.8007183424903315E-78_11-1, 104
12
3
2
2
2
2
2
2
1
0
0
2
1
11
0 1 0
0 7 0
0 8 0
0 9 0
1 2 0
2 3 0
3 4 0
4 5 0
5 10 0
6 7 0
6 11 0

#9-392,579,0.0_9-0, 481
9
2
1
2
2
2
2
2
0
0
9
0 1 0
0 2 0
0 3 0
1 7 0
1 8 0
2 4 0
3 5 0
4 6 0
5 6 0

#7-347,826,0.0_3-1, 616
4
2
1
2
3
3
0 1 0
0 3 0
1 2 0

#8-316,1215,0.0_6-2, 899
7
2
2
2
2
2
2
1
6
0 1 0
0 2 0
0 3 0
1 4 0
2 5 0
3 6 0

#8-316,1215,0.0_6-7, 897
7
2
2
2
1
2
2
2
6
0 3 0
0 4 0
0 5 0
1 2 0
1 3 0
2 6 0

#8-316,1215,0.0_7-4, 892
8
2
2
2
2
2
2
2
1
7
0 1 0
0 2 0
0 7 0
1 3 0
2 5 0
3 4 0
4 6 0

#8-316,1215,0.0_7-5, 889
8
2
2
2
2
1
2
2
2
7
0 1 0
0 2 0
0 4 0
1 3 0
2 5 0
3 6 0
4 7 0

#8-316,1215,0.0_7-6, 937
8
2
2
2
2
2
2
2
1
7
0 1 0
0 2 0
0 5 0
1 3 0
2 7 0
3 4 0
4 6 0

#8-316,1215,0.0_8-0, 895
9
2
2
2
2
2
2
2
2
1
8
0 1 0
0 2 0
1 3 0
2 4 0
3 5 0
4 6 0
5 7 0
6 8 0

#8-316,1215,0.0_8-2, 913
9
2
2
2
2
2
2
1
2
2
8
0 1 0
0 2 0
1 3 0
2 4 0
3 5 0
4 6 0
5 7 0
6 8 0

#8-316,1215,0.0_8-4, 897
9
2
2
2
2
2
1
2
2
2
8
0 1 0
0 5 0
0 6 0
1 2 0
2 3 0
3 7 0
4 5 0
4 8 0

#8-316,1215,0.0_9-0, 906
10
2
2
2
2
2
2
2
1
2
2
9
0 1 0
0 2 0
1 3 0
2 5 0
3 7 0
4 6 0
4 7 0
5 8 0
6 9 0

#8-288,1509,0.0_5-3, 1154
6
1
2
2
0
0
2
5
0 1 0
0 3 0
0 4 0
1 2 0
2 5 0

#8-288,1509,0.0_7-1, 1142
8
2
2
2
2
1
0
2
2
7
0 1 0
0 2 0
0 4 0
1 3 0
2 6 0
3 7 0
4 5 0

#8-288,1509,0.0_7-2, 1223
8
2
2
2
2
2
1
0
2
7
0 1 0
0 2 0
1 3 0
2 4 0
3 5 0
4 7 0
5 6 0

#8-288,1509,0.0_7-3, 1160
8
2
2
2
2
1
0
2
2
7
0 1 0
0 4 0
0 6 0
1 2 0
2 3 0
3 7 0
4 5 0

#9-278,1746,0.0_5-3, 1180
6
2
2
2
1
2
3
5
0 1 0
0 3 0
1 4 0
2 3 0
2 5 0

#9-126,6454,0.0_3-5, 4304
4
2
0
2
1
3
0 1 0
0 2 0
0 3 0

#9-126,6454,0.0_4-2, 4391
5
2
2
1
0
2
4
0 2 0
0 3 0
1 2 0
1 4 0

#9-58,14491,0.0_4-3, 8867
5
2
1
2
2
2
4
0 1 0
0 2 0
0 3 0
1 4 0

#9-58,14491,0.0_5-4, 8910
6
2
2
2
2
2
1
5
0 1 0
0 3 0
0 5 0
1 2 0
2 4 0

#9-58,14491,0.0_7-0, 9206
8
2
2
2
2
2
1
2
2
7
0 1 0
0 2 0
1 3 0
2 4 0
3 5 0
4 6 0
5 7 0

#9-58,14491,0.0_7-1, 8909
8
2
2
2
2
2
1
2
2
7
0 1 0
0 2 0
1 3 0
2 5 0
3 6 0
4 5 0
4 7 0

#7-467,145,1.4710455076283324E-14_6-0, 100
7
3
0
2
0
0
2
2
6
0 1 0
0 3 0
0 4 0
0 5 0
1 2 0
2 6 0

#8-431,15,3.388887886535356E-27_7-0, 9
8
2
2
2
2
2
5
2
3
7
0 1 0
0 2 0
1 3 0
2 4 0
3 5 0
4 6 0
5 7 0

#7-409,15,3.447442437055418E-34_5-3, 11
6
2
0
5
2
2
3
5
0 1 0
0 3 0
0 4 0
1 2 0
2 5 0

#9-399,18,1.4028724955619733E-43_7-0, 16
8
2
3
0
0
0
6
6
6
7
0 1 0
0 5 0
0 6 0
0 7 0
1 2 0
1 3 0
1 4 0

#10-374,83,0.0_6-1, 66
7
2
2
1
1
2
1
3
6
0 2 0
0 3 0
0 6 0
1 2 0
1 4 0
3 5 0

#10-374,83,0.0_6-3, 67
7
2
2
2
1
1
2
3
6
0 1 0
0 3 0
1 5 0
2 4 0
2 6 0
3 4 0

#9-365,109,0.0_6-1, 96
7
2
2
1
1
2
1
3
6
0 2 0
0 5 0
0 6 0
1 3 0
1 4 0
2 3 0

#10-326,204,0.0_11-0, 157
11
3
2
2
2
2
2
2
1
0
0
2
11
0 1 0
0 7 0
0 8 0
0 9 0
1 2 0
1 3 0
2 4 0
3 5 0
4 6 0
5 6 0
7 10 0

#8-319,227,0.0_10-0, 183
10
3
2
2
2
2
2
2
0
0
1
10
0 1 0
0 7 0
0 8 0
0 9 0
1 2 0
1 3 0
2 4 0
3 5 0
4 6 0
5 6 0

#8-317,232,0.0_5-3, 193
6
2
2
1
1
2
3
5
0 2 0
0 4 0
1 3 0
1 5 0
2 3 0

#8-317,232,0.0_5-4, 194
6
2
1
1
2
1
3
5
0 1 0
0 4 0
0 5 0
1 2 0
2 3 0

#7-203,708,0.0_7-1, 481
8
2
3
2
2
0
0
2
2
7
0 1 0
0 2 0
0 3 0
1 4 0
1 5 0
2 6 0
3 7 0

#7-203,708,0.0_8-0, 483
9
2
3
2
2
2
0
0
2
2
8
0 1 0
0 2 0
0 7 0
1 5 0
1 6 0
2 3 0
3 4 0
4 8 0

#7-203,708,0.0_8-1, 525
9
3
2
2
2
2
2
0
0
2
8
0 1 0
0 6 0
0 7 0
1 2 0
2 3 0
3 4 0
4 5 0
5 8 0

#9-197,729,0.0_6-3, 555
7
2
2
2
3
2
2
2
6
0 1 0
0 3 0
0 4 0
1 5 0
2 3 0
2 6 0

#9-197,729,0.0_6-5, 563
7
2
2
2
2
2
2
3
6
0 1 0
0 4 0
0 6 0
1 2 0
2 3 0
3 5 0

#9-197,729,0.0_6-7, 568
7
2
2
2
2
2
2
3
6
0 1 0
0 2 0
0 6 0
1 3 0
2 4 0
3 5 0

#9-197,729,0.0_7-0, 556
8
2
2
2
2
2
3
2
2
7
0 1 0
0 2 0
1 3 0
2 5 0
3 6 0
4 5 0
4 7 0

#9-197,729,0.0_7-1, 562
8
2
2
2
2
2
3
2
2
7
0 1 0
0 2 0
1 3 0
2 4 0
3 5 0
4 6 0
5 7 0

#9-129,1210,0.0_4-2, 916
5
2
2
1
2
3
4
0 2 0
0 3 0
1 2 0
1 4 0

#6-194,5,5.609538312096077E-6_6-0, 3
7
5
2
3
0
0
0
2
6
0 2 0
0 3 0
0 4 0
0 5 0
1 2 0
1 6 0

#10-193,32,4.544850902561934E-6_3-0, 32
4
5
2
2
2
3
0 1 0
0 2 0
0 3 0

#6-32,114,0.0_4-1, 83
5
2
1
5
0
2
4
0 1 0
0 4 0
1 2 0
2 3 0

#8-29,144,0.0_7-18, 83
8
2
2
2
5
2
2
2
2
7
0 2 0
0 3 0
0 4 0
1 3 0
1 5 0
1 6 0
2 7 0

#8-29,144,0.0_14-0, 83
14
2
5
2
2
2
2
2
2
2
2
2
2
2
2
14
0 1 0
0 2 0
0 3 0
1 4 0
1 5 0
2 6 0
3 7 0
4 8 0
5 12 0
6 9 0
7 9 0
8 10 0
10 11 0
11 13 0

#8-29,144,0.0_14-1, 83
14
2
5
2
2
2
2
2
2
2
2
2
2
2
2
14
0 1 0
0 2 0
0 3 0
1 4 0
1 12 0
2 5 0
3 6 0
4 7 0
5 8 0
6 8 0
7 9 0
9 10 0
10 11 0
11 13 0

#9-27,149,0.0_5-5, 114
6
5
0
2
0
2
2
5
0 1 0
0 3 0
0 4 0
1 2 0
2 5 0

#9-27,149,0.0_6-0, 113
7
5
0
2
0
0
2
2
6
0 1 0
0 2 0
0 3 0
0 4 0
1 5 0
2 6 0

#7-224,10,0.015376851312935955_8-0, 6
9
2
3
2
2
1
2
1
4
4
8
0 1 0
0 7 0
0 8 0
1 4 0
1 6 0
2 3 0
2 4 0
3 5 0

#8-181,117,2.922442848684592E-4_5-0, 91
6
2
2
1
2
2
4
5
0 1 0
0 2 0
0 5 0
1 3 0
2 4 0

#7-86,10,2.5683247185498054E-29_3-0, 3
4
5
1
4
4
3
0 1 0
0 2 0
0 3 0

#7-86,10,2.5683247185498054E-29_3-2, 3
4
5
1
1
4
3
0 1 0
0 2 0
0 3 0

#7-85,17,9.304127507497733E-31_3-0, 10
4
2
8
2
4
3
0 1 0
0 2 0
1 3 0

#7-85,17,9.304127507497733E-31_3-1, 10
4
8
2
4
4
3
0 1 0
0 2 0
0 3 0

#7-85,17,9.304127507497733E-31_3-2, 11
4
8
2
2
4
3
0 1 0
0 2 0
0 3 0

#8-31,2049,0.0_3-0, 1391
4
2
2
2
4
3
0 1 0
0 2 0
0 3 0

#8-31,2049,0.0_5-1, 1384
6
2
2
2
2
2
4
5
0 1 0
0 2 0
1 3 0
2 4 0
3 5 0

#9-30,2303,0.0_7-0, 1652
7
2
2
2
2
2
2
4
7
0 1 0
0 2 0
0 6 0
1 3 0
2 4 0
3 5 0
4 5 0

#10-23,1270,0.0_5-1, 605
6
2
2
2
6
6
6
5
0 1 0
0 3 0
0 4 0
0 5 0
1 2 0

#8-22,1302,0.0_6-1, 1000
7
2
2
2
2
2
2
6
6
0 1 0
0 2 0
1 3 0
2 4 0
3 5 0
4 6 0

#8-1,5,0.0030918070767623185_6-0, 4
7
8
2
2
2
2
4
4
6
0 1 0
0 2 0
0 5 0
0 6 0
1 3 0
2 4 0

#8-45,7,5.785001304861971E-8_11-0, 4
12
3
3
2
0
0
0
0
0
0
2
2
13
11
0 2 0
0 3 0
0 5 0
0 6 0
1 2 0
1 4 0
1 7 0
1 8 0
2 11 0
3 9 0
4 10 0

#8-45,7,5.785001304861971E-8_11-1, 4
12
3
3
2
0
2
0
0
0
0
0
2
13
11
0 2 0
0 3 0
0 5 0
0 6 0
1 2 0
1 7 0
1 8 0
1 9 0
2 11 0
3 4 0
4 10 0

#9-21,505,0.0_4-3, 353
5
2
2
2
2
13
4
0 1 0
0 2 0
0 4 0
1 3 0

#9-21,505,0.0_6-0, 381
7
2
2
2
2
2
2
13
6
0 1 0
0 2 0
1 3 0
2 4 0
3 5 0
4 6 0

#7-18,699,0.0_7-0, 538
7
2
2
2
2
2
2
13
7
0 1 0
0 2 0
0 6 0
1 3 0
2 4 0
3 5 0
4 5 0

#8-53,4,0.09012785025422508_3-0, 3
4
16
0
0
0
3
0 1 0
0 2 0
0 3 0

#9-15,4,4.438249462891791E-4_9-11, 3
10
2
2
2
2
2
2
1
2
1
16
9
0 1 0
0 2 0
0 7 0
1 3 0
2 5 0
3 4 0
4 6 0
5 8 0
6 9 0

#9-15,4,4.438249462891791E-4_9-37, 3
10
2
2
2
2
2
1
2
2
1
16
9
0 2 0
0 4 0
0 5 0
1 3 0
1 6 0
1 7 0
2 3 0
4 8 0
5 9 0

#9-15,4,4.438249462891791E-4_10-0, 4
9
2
2
2
2
2
2
1
1
16
10
0 1 0
0 2 0
0 6 0
1 3 0
1 7 0
2 4 0
3 5 0
4 5 0
6 8 0
7 8 0

#9-15,4,4.438249462891791E-4_10-1, 3
10
2
2
2
2
2
1
1
16
2
2
10
0 2 0
0 3 0
0 5 0
1 2 0
1 4 0
1 8 0
3 6 0
4 9 0
5 7 0
6 7 0

#9-15,4,4.438249462891791E-4_10-2, 3
10
2
2
2
2
2
1
1
16
2
2
10
0 1 0
0 2 0
0 5 0
1 6 0
1 8 0
2 3 0
3 4 0
4 9 0
5 7 0
6 7 0

#9-15,4,4.438249462891791E-4_10-3, 3
10
2
2
2
2
2
2
1
2
1
16
10
0 1 0
0 3 0
0 6 0
1 4 0
1 8 0
2 3 0
2 5 0
2 7 0
4 5 0
6 9 0

#9-15,4,4.438249462891791E-4_10-4, 3
10
2
2
2
2
1
1
16
2
2
2
10
0 1 0
0 3 0
0 4 0
1 5 0
1 7 0
2 3 0
2 8 0
2 9 0
4 6 0
5 6 0

#9-15,4,4.438249462891791E-4_10-5, 3
10
2
2
2
2
2
1
1
16
2
2
10
0 1 0
0 2 0
0 5 0
1 3 0
1 6 0
2 4 0
3 8 0
4 9 0
5 7 0
6 7 0

#9-15,4,4.438249462891791E-4_10-6, 3
10
2
2
2
2
2
2
1
16
2
1
10
0 2 0
0 3 0
0 6 0
1 2 0
1 4 0
1 8 0
3 5 0
4 5 0
6 7 0
7 9 0

#9-15,4,4.438249462891791E-4_10-7, 3
10
2
2
2
2
2
2
1
16
1
1
10
0 2 0
0 3 0
0 6 0
1 2 0
1 4 0
1 8 0
3 5 0
4 5 0
6 7 0
7 9 0

#8-0,38,9.034158041442968E-6_6-8, 27
7
2
2
2
2
2
2
16
6
0 1 0
0 2 0
0 6 0
1 3 0
2 4 0
3 5 0

#8-0,38,9.034158041442968E-6_8-0, 26
9
2
2
2
2
2
16
2
2
2
8
0 1 0
0 5 0
0 6 0
1 2 0
2 3 0
3 7 0
4 5 0
4 8 0

#8-0,38,9.034158041442968E-6_9-0, 26
10
2
2
2
2
2
2
16
2
2
2
9
0 6 0
0 7 0
0 8 0
1 2 0
1 3 0
2 4 0
3 5 0
4 6 0
5 9 0

#8-0,11,0.006787434713308011_4-0, 11
5
19
2
2
2
2
4
0 1 0
0 2 0
0 3 0
1 4 0

#8-10,184,5.899507882212163E-8_6-1, 155
7
2
2
2
2
2
2
20
6
0 1 0
0 2 0
1 3 0
2 4 0
3 5 0
4 6 0

#8-10,184,5.899507882212163E-8_6-3, 139
7
2
2
2
2
2
2
20
6
0 1 0
0 4 0
0 6 0
1 2 0
2 3 0
3 5 0

#8-10,184,5.899507882212163E-8_6-6, 138
7
2
2
2
2
2
2
20
6
0 1 0
0 2 0
0 6 0
1 3 0
2 4 0
3 5 0

#8-6,66,0.0_8-4, 48
9
21
2
0
2
2
2
2
2
2
8
0 1 0
0 2 0
0 4 0
0 5 0
1 6 0
1 7 0
2 3 0
3 8 0

#8-6,66,0.0_8-6, 47
9
21
0
2
2
2
2
2
2
2
8
0 1 0
0 5 0
0 6 0
0 7 0
1 2 0
2 3 0
3 4 0
4 8 0

#8-6,66,0.0_10-0, 47
11
2
21
0
2
2
2
2
2
2
2
2
10
0 1 0
0 7 0
0 8 0
1 2 0
1 9 0
2 3 0
3 4 0
4 5 0
5 6 0
6 10 0

#8-1,25,9.66141155418368E-4_10-0, 19
10
25
2
2
2
2
2
2
0
0
0
10
0 1 0
0 7 0
0 8 0
0 9 0
1 2 0
1 3 0
2 4 0
3 5 0
4 6 0
5 6 0

#9-17,9,0.027274979240760684_7-0, 7
8
26
2
2
2
2
0
0
2
7
0 1 0
0 5 0
0 6 0
1 2 0
2 3 0
3 4 0
4 7 0

