#10-52,46,0.06842796499499659_3-0, 29
4
5
3
5
5
3
0 1 0
0 2 0
0 3 0

#10-52,46,0.06842796499499659_5-0, 29
6
5
5
5
5
3
5
5
0 1 0
0 2 0
1 3 0
2 4 0
3 5 0

#8-41,9,0.03272529103467125_8-0, 4
9
3
3
5
5
5
5
5
5
5
8
0 1 0
0 2 0
1 7 0
2 3 0
3 4 0
4 5 0
5 6 0
6 8 0

#7-36,13,0.01936237057897903_7-0, 7
8
3
5
5
5
5
2
2
5
7
0 1 0
0 5 0
0 6 0
1 2 0
2 3 0
3 4 0
4 7 0

#8-12,24,0.0016577348486078304_7-0, 21
7
5
5
5
5
5
5
3
7
0 1 0
0 2 0
0 6 0
1 3 0
2 4 0
3 5 0
4 5 0

#7-30,11,1.789040896646909E-5_8-0, 3
9
1
2
2
2
5
2
5
5
5
8
0 1 0
0 2 0
0 3 0
0 5 0
1 4 0
2 6 0
3 7 0
4 8 0

#7-10,12,2.1214783875428306E-8_12-4, 3
12
7
5
5
2
5
5
5
5
3
2
2
4
12
0 1 0
0 3 0
0 9 0
0 10 0
1 2 0
1 4 0
2 5 0
2 8 0
3 11 0
4 6 0
5 7 0
6 7 0

#7-10,12,2.1214783875428306E-8_12-29, 3
12
7
5
5
2
5
5
5
5
3
2
2
4
12
0 1 0
0 3 0
0 9 0
0 10 0
1 4 0
1 5 0
2 4 0
2 6 0
2 8 0
3 11 0
5 7 0
6 7 0

#7-10,12,2.1214783875428306E-8_12-224, 3
13
7
5
2
5
5
5
5
5
3
3
2
2
4
12
0 2 0
0 3 0
0 10 0
0 11 0
1 4 0
1 5 0
1 8 0
2 12 0
3 4 0
5 6 0
6 7 0
7 9 0

#7-10,12,2.1214783875428306E-8_12-315, 3
13
7
5
5
2
5
5
5
3
3
2
2
4
5
12
0 3 0
0 4 0
0 9 0
0 10 0
1 4 0
1 5 0
1 7 0
2 6 0
2 8 0
2 12 0
3 11 0
5 6 0

#7-10,12,2.1214783875428306E-8_12-395, 3
13
7
5
5
2
5
5
5
3
3
2
2
4
5
12
0 1 0
0 3 0
0 9 0
0 10 0
1 2 0
1 12 0
2 4 0
2 7 0
3 11 0
4 5 0
5 6 0
6 8 0

#7-10,12,2.1214783875428306E-8_16-7, 3
16
7
5
5
2
5
5
5
5
5
5
5
5
3
2
2
4
16
0 1 0
0 3 0
0 13 0
0 14 0
1 4 0
1 5 0
2 4 0
2 6 0
2 12 0
3 15 0
5 7 0
6 8 0
7 9 0
8 10 0
9 11 0
10 11 0

#7-10,12,2.1214783875428306E-8_17-0, 3
16
7
5
5
5
5
2
5
5
5
5
5
5
3
2
2
4
17
0 1 0
0 5 0
0 13 0
0 14 0
1 6 0
1 7 0
2 3 0
2 4 0
2 8 0
3 6 0
3 9 0
4 10 0
4 12 0
5 15 0
7 8 0
9 11 0
10 11 0

#7-10,12,2.1214783875428306E-8_18-0, 3
19
7
7
5
5
2
2
5
5
5
5
5
2
2
2
2
4
4
5
5
18
0 2 0
0 4 0
0 11 0
0 12 0
1 5 0
1 6 0
1 13 0
1 14 0
2 7 0
2 17 0
3 7 0
3 8 0
3 9 0
4 15 0
5 16 0
6 8 0
9 10 0
10 18 0

#8-2,65,5.7637228323415E-13_3-1, 34
4
5
2
5
5
3
0 1 0
0 2 0
0 3 0

#8-2,65,5.7637228323415E-13_6-0, 34
7
5
5
5
5
5
2
5
6
0 1 0
0 2 0
1 3 0
2 4 0
3 5 0
4 6 0

#7-1,33,9.981044403892531E-16_3-0, 14
4
3
2
2
5
3
0 1 0
0 2 0
0 3 0

#7-1,33,9.981044403892531E-16_3-3, 13
4
3
5
2
5
3
0 1 0
0 2 0
1 3 0

#6-55,11,3.409566442951825E-6_5-0, 4
6
5
3
3
5
5
7
5
0 1 0
0 2 0
0 5 0
1 3 0
2 4 0

#8-23,10,1.4038367204510951E-9_11-2, 4
11
7
5
2
5
5
5
5
5
2
2
4
11
0 1 0
0 2 0
0 8 0
0 9 0
1 3 0
1 4 0
2 10 0
3 5 0
4 6 0
5 7 0
6 7 0

#8-23,10,1.4038367204510951E-9_11-4, 4
12
7
5
5
2
5
5
3
2
2
4
5
5
11
0 1 0
0 3 0
0 7 0
0 8 0
1 4 0
1 5 0
2 4 0
2 6 0
2 10 0
3 9 0
5 11 0

#8-23,10,1.4038367204510951E-9_11-19, 4
12
7
5
5
2
5
5
3
2
2
4
5
5
11
0 1 0
0 3 0
0 7 0
0 8 0
1 4 0
1 10 0
2 4 0
2 5 0
2 6 0
3 9 0
5 11 0

#8-23,10,1.4038367204510951E-9_11-21, 4
12
7
5
2
5
5
5
5
3
2
2
4
5
11
0 2 0
0 3 0
0 8 0
0 9 0
1 4 0
1 7 0
1 11 0
2 10 0
3 5 0
4 6 0
5 6 0

#8-23,10,1.4038367204510951E-9_11-23, 4
12
7
5
2
5
5
5
5
3
2
2
4
5
11
0 2 0
0 3 0
0 8 0
0 9 0
1 4 0
1 5 0
1 7 0
2 10 0
3 4 0
5 6 0
6 11 0

#8-23,10,1.4038367204510951E-9_11-37, 4
12
7
5
2
5
5
5
5
3
2
2
4
5
11
0 1 0
0 2 0
0 8 0
0 9 0
1 3 0
1 11 0
2 10 0
3 4 0
4 5 0
5 6 0
6 7 0

#8-23,10,1.4038367204510951E-9_11-39, 4
12
7
5
2
5
5
5
5
3
2
2
4
5
11
0 1 0
0 2 0
0 8 0
0 9 0
1 3 0
1 4 0
2 10 0
3 5 0
4 6 0
5 7 0
6 11 0

#7-7,24,4.560304984498182E-11_9-0, 8
9
3
5
5
5
5
5
5
2
2
9
0 1 0
0 7 0
0 8 0
1 2 0
1 3 0
2 4 0
3 5 0
4 6 0
5 6 0

#8-2,43,8.686165972782156E-5_3-1, 13
4
5
5
5
6
3
0 1 0
0 2 0
1 3 0

#8-2,4,0.010447405756929111_3-1, 4
4
3
5
5
7
3
0 1 0
0 2 0
1 3 0

#8-2,4,0.010447405756929111_4-1, 3
5
3
5
5
5
7
4
0 1 0
0 3 0
1 2 0
2 4 0

#7-0,27,0.01784279609607382_3-0, 8
4
5
5
5
8
3
0 1 0
0 2 0
1 3 0

#7-0,27,0.01784279609607382_3-1, 8
4
5
5
8
8
3
0 1 0
0 2 0
1 3 0

