#8-24,71,2.539169228226168E-4_6-1, 54
7
5
5
5
5
3
5
5
6
0 1 0
0 4 0
0 5 0
1 2 0
2 3 0
3 6 0

#8-24,71,2.539169228226168E-4_6-2, 49
7
5
5
5
5
3
5
5
6
0 1 0
0 2 0
0 4 0
1 3 0
2 5 0
3 6 0

#8-24,71,2.539169228226168E-4_6-3, 58
7
5
5
5
5
5
3
5
6
0 1 0
0 2 0
1 3 0
2 4 0
3 5 0
4 6 0

#8-136,11,0.009441922776184596_3-2, 7
4
3
5
2
5
3
0 1 0
0 3 0
1 2 0

#7-57,8,2.4758784535816314E-7_11-0, 6
11
7
5
2
5
5
5
5
5
2
2
4
11
0 1 0
0 2 0
0 8 0
0 9 0
1 3 0
1 4 0
2 10 0
3 5 0
4 6 0
5 7 0
6 7 0

#7-57,8,2.4758784535816314E-7_11-4, 5
12
7
5
2
5
5
5
5
3
2
2
4
5
11
0 1 0
0 2 0
0 8 0
0 9 0
1 3 0
1 11 0
2 10 0
3 4 0
4 5 0
5 6 0
6 7 0

#7-57,8,2.4758784535816314E-7_11-16, 5
12
7
5
2
5
5
5
5
3
2
2
4
5
11
0 2 0
0 3 0
0 8 0
0 9 0
1 4 0
1 7 0
1 11 0
2 10 0
3 5 0
4 6 0
5 6 0

#7-57,8,2.4758784535816314E-7_14-0, 5
15
7
5
2
5
5
5
5
5
5
5
2
2
4
5
5
14
0 1 0
0 2 0
0 10 0
0 11 0
1 3 0
1 4 0
2 12 0
3 5 0
4 13 0
5 6 0
6 7 0
7 8 0
8 9 0
9 14 0

#7-57,8,2.4758784535816314E-7_14-1, 5
15
7
2
5
5
5
5
5
5
5
5
5
2
2
4
5
14
0 1 0
0 2 0
0 11 0
0 12 0
1 13 0
2 3 0
3 4 0
4 5 0
5 6 0
6 7 0
7 8 0
8 9 0
9 10 0
10 14 0

#7-57,8,2.4758784535816314E-7_14-2, 5
15
7
5
2
5
5
5
5
5
5
5
2
2
4
5
5
14
0 2 0
0 3 0
0 10 0
0 11 0
1 4 0
1 5 0
1 13 0
2 12 0
3 6 0
4 7 0
5 8 0
6 7 0
8 9 0
9 14 0

#7-57,8,2.4758784535816314E-7_14-3, 5
15
7
5
2
5
5
5
5
5
5
5
2
2
4
5
5
14
0 1 0
0 2 0
0 10 0
0 11 0
1 3 0
1 4 0
2 12 0
3 5 0
4 6 0
5 7 0
6 8 0
7 9 0
8 13 0
9 14 0

#7-57,8,2.4758784535816314E-7_14-4, 5
15
7
5
2
5
5
5
5
5
5
5
2
2
4
5
5
14
0 1 0
0 2 0
0 10 0
0 11 0
1 3 0
1 4 0
2 12 0
3 5 0
4 8 0
5 6 0
6 7 0
7 9 0
8 13 0
9 14 0

#7-57,8,2.4758784535816314E-7_14-5, 5
15
7
5
2
5
5
5
5
5
5
5
2
2
4
5
5
14
0 1 0
0 2 0
0 10 0
0 11 0
1 3 0
1 13 0
2 12 0
3 4 0
4 5 0
5 6 0
6 7 0
7 8 0
8 9 0
9 14 0

#7-42,24,2.817429747446945E-9_6-0, 7
7
1
2
2
2
5
5
5
6
0 1 0
0 2 0
0 3 0
1 4 0
2 5 0
3 6 0

#7-270,33,0.02897555575284777_3-0, 18
4
5
5
6
6
3
0 1 0
0 2 0
0 3 0

#7-226,97,0.008976770994793437_4-0, 43
5
5
5
5
2
5
4
0 1 0
0 2 0
1 3 0
2 4 0

#8-69,29,6.259271274634071E-9_9-0, 15
9
3
5
5
5
5
5
5
2
2
9
0 1 0
0 7 0
0 8 0
1 2 0
1 3 0
2 4 0
3 5 0
4 6 0
5 6 0

#8-9,81,7.438858667139225E-4_7-0, 34
7
5
5
5
5
5
5
6
7
0 1 0
0 2 0
0 6 0
1 3 0
2 4 0
3 5 0
4 5 0

#9-50,7,0.014935619394191583_9-0, 5
9
5
7
5
5
5
5
5
2
2
9
0 1 0
0 2 0
0 3 0
1 7 0
1 8 0
2 4 0
3 5 0
4 6 0
5 6 0

#8-21,11,0.0011233831343626362_3-0, 6
4
3
5
5
7
3
0 1 0
0 2 0
1 3 0

#8-13,4,6.738178088288878E-5_12-0, 3
12
7
5
5
2
5
5
5
5
3
2
2
4
12
0 1 0
0 3 0
0 9 0
0 10 0
1 4 0
1 5 0
2 4 0
2 6 0
2 8 0
3 11 0
5 7 0
6 7 0

#8-13,4,6.738178088288878E-5_15-0, 3
16
7
5
5
2
5
5
5
5
5
5
3
2
2
4
5
5
15
0 1 0
0 3 0
0 11 0
0 12 0
1 4 0
1 5 0
2 4 0
2 10 0
2 14 0
3 13 0
5 6 0
6 7 0
7 8 0
8 9 0
9 15 0

#8-13,4,6.738178088288878E-5_15-1, 3
16
7
5
2
5
5
5
5
5
5
5
5
3
2
2
4
5
15
0 1 0
0 2 0
0 12 0
0 13 0
1 3 0
1 4 0
2 14 0
3 5 0
4 9 0
5 6 0
6 7 0
7 8 0
8 10 0
9 11 0
10 15 0

#8-13,4,6.738178088288878E-5_15-2, 3
16
7
5
5
2
5
5
5
5
5
5
3
2
2
4
5
5
15
0 3 0
0 4 0
0 11 0
0 12 0
1 5 0
1 6 0
1 14 0
2 7 0
2 10 0
2 15 0
3 13 0
4 8 0
5 7 0
6 9 0
8 9 0

#8-13,4,6.738178088288878E-5_15-3, 3
16
7
5
2
5
5
5
5
5
5
5
5
3
2
2
4
5
15
0 2 0
0 3 0
0 12 0
0 13 0
1 4 0
1 5 0
1 11 0
2 14 0
3 4 0
5 6 0
6 7 0
7 8 0
8 9 0
9 10 0
10 15 0

#8-13,4,6.738178088288878E-5_15-4, 3
16
7
5
5
2
5
5
5
5
5
5
3
2
2
4
5
5
15
0 1 0
0 3 0
0 11 0
0 12 0
1 4 0
1 5 0
2 4 0
2 6 0
2 10 0
3 13 0
5 7 0
6 14 0
7 8 0
8 9 0
9 15 0

#8-13,4,6.738178088288878E-5_15-5, 3
16
7
5
5
2
5
5
5
5
5
5
3
2
2
4
5
5
15
0 1 0
0 3 0
0 11 0
0 12 0
1 4 0
1 14 0
2 5 0
2 10 0
2 15 0
3 13 0
4 6 0
5 7 0
6 8 0
7 9 0
8 9 0

#8-1,8,8.36413236478355E-13_5-0, 8
6
1
2
2
5
5
7
5
0 1 0
0 2 0
0 5 0
1 3 0
2 4 0

